0
0
0
0
0
0
0
0
0
0
0
0
0
0
0
0
0
0
0
0
0
0
0
0
0
0
0
0
0
0
0
0
0
0
0
0
0
0
0
0
0
0
0
0
0
0
0
0
0
0
0
0
0
0
0
0
0
0
0
0
0
0
0
0
0
0
0
0
0
0
0
0
0
0
0
0
0
0
0
0
0
0
0
0
0
0
0
0
0
0
0
0
0
0
0
0
0
0
0
0
0
1
0
0
0
0
1
0
0
0
0
0
1
0
0
0
0
1
0
0
0
0
0
1
1
1
0
1
0
1
0
0
2
1
1
0
0
2
0
0
0
0
0
1
0
0
1
1
0
1
1
1
0
2
0
2
4
1
3
1
2
5
2
0
2
2
1
1
2
3
4
2
2
5
1
4
4
2
3
1
3
2
3
5
9
4
5
4
3
5
5
5
5
4
6
5
5
5
3
8
4
5
1
9
5
5
5
5
7
9
9
4
6
4
3
2
8
16
12
17
13
20
9
12
15
12
10
16
15
20
17
14
16
6
12
8
19
13
12
15
19
10
11
18
17
13
20
13
19
13
19
7
9
21
14
46
38
36
34
30
31
38
38
46
44
36
30
39
44
33
41
37
42
41
35
40
38
51
48
39
37
42
43
36
40
49
46
41
40
38
37
41
36
39
41
40
36
41
37
35
109
110
99
118
127
111
107
95
116
98
105
110
94
125
105
122
118
132
113
114
109
113
110
106
119
110
108
112
117
107
96
125
88
108
104
106
105
106
100
117
104
107
99
114
106
120
108
131
101
118
117
115
99
112
108
113
113
123
291
468
499
436
454
433
446
422
428
435
437
429
426
429
439
429
438
425
417
437
449
397
400
459
421
432
445
447
437
422
440
426
428
450
425
422
404
455
429
456
391
459
459
411
444
436
440
425
445
440
435
408
415
437
415
441
414
403
428
428
437
422
432
435
413
441
444
428
439
420
434
448
440
437
438
412
437
447
441
445
446
430
445
435
433
429
432
435
425
437
414
412
423
408
429
424
437
374
443
434
435
408
451
427
418
379
459
425
458
427
451
434
459
420
442
420
436
447
402
460
422
432
464
445
411
469
422
446
412
431
438
412
419
444
448
435
424
439
410
427
439
436
404
397
478
391
466
453
440
437
429
430
415
435
417
408
422
444
451
451
420
410
438
480
425
453
450
431
414
433
419
444
433
435
443
434
436
426
415
420
418
429
431
423
460
413
425
459
442
433
404
439
450
412
449
428
419
402
449
435
436
422
426
452
423
417
445
427
424
441
460
430
418
406
412
415
440
446
395
419
414
461
412
408
439
434
449
448
420
444
444
416
437
450
428
445
429
441
464
416
421
456
423
443
424
431
460
432
444
417
440
419
425
421
425
437
438
417
400
421
443
426
388
413
441
432
417
454
423
448
407
445
431
431
440
424
416
443
443
418
452
428
449
107
121
117
109
110
118
125
101
93
112
104
122
120
117
119
115
100
87
117
109
126
106
108
110
99
105
112
118
115
107
110
116
114
108
112
110
110
113
107
111
98
115
98
106
119
106
98
112
102
125
102
107
123
106
97
109
103
115
43
44
30
42
40
44
34
31
38
49
40
46
50
43
42
40
42
41
39
45
30
47
45
41
49
34
41
42
43
40
42
40
34
41
37
43
59
43
48
32
49
43
41
40
51
11
7
12
18
12
21
10
23
19
23
15
17
15
17
16
9
20
15
11
19
12
15
10
14
17
12
21
21
13
13
13
12
13
13
15
8
21
15
7
7
8
5
7
5
5
5
5
3
4
7
4
7
4
7
1
7
5
4
6
2
5
6
7
3
8
7
5
4
3
1
6
6
3
0
2
3
0
3
2
4
1
3
2
3
3
4
1
2
1
0
2
2
0
1
3
1
4
1
3
3
3
2
0
2
0
0
0
1
1
0
1
1
1
1
1
0
1
1
1
1
1
1
0
1
0
1
0
0
0
0
1
0
1
1
0
0
0
0
0
0
1
0
0
0
0
0
1
1
0
0
0
0
0
1
0
0
0
0
0
0
0
0
0
0
0
0
0
0
0
0
0
0
0
0
0
0
0
0
0
0
0
0
0
0
0
0
0
0
0
0
0
0
0
0
0
0
0
0
0
0
0
0
0
0
0
0
0
0
0
0
0
0
0
0
0
0
0
0
0
0
0
0
0
0
0
0
0
0
0
0
0
0
0
0
0
0
0
0
0
0
0
0
0
0
0
0
0
0
0
0
0
0
0
0
0
0
