0
0
0
0
0
0
0
0
0
0
0
0
0
0
0
0
0
0
0
0
0
0
1
1
1
1
1
1
1
1
1
1
1
1
1
1
1
1
1
1
1
1
1
1
2
2
2
2
2
2
2
2
2
2
2
2
2
2
3
3
3
3
3
3
3
3
3
3
4
4
4
4
4
4
4
4
5
5
5
5
5
5
6
6
6
6
6
6
7
7
7
7
7
8
8
8
8
9
9
9
9
10
10
10
10
11
11
11
12
12
12
13
13
13
14
14
15
15
15
16
16
17
17
17
18
18
19
19
20
20
21
21
22
22
23
24
24
25
25
26
27
27
28
29
29
30
31
32
32
33
34
35
36
36
37
38
39
40
41
42
43
44
45
46
47
48
49
50
51
52
54
55
56
57
58
60
61
62
64
65
67
68
70
71
73
74
76
77
79
81
82
84
86
87
89
91
93
95
97
99
101
103
105
107
109
111
114
116
118
120
123
125
128
130
133
135
138
140
143
146
148
151
154
157
160
163
166
169
172
175
178
182
185
188
191
195
198
202
205
209
213
216
220
224
228
232
236
240
244
248
252
256
261
265
269
274
278
283
287
292
297
301
306
311
316
321
326
331
336
342
347
352
358
363
368
374
380
385
391
397
403
409
415
421
427
433
439
445
452
458
465
471
478
484
491
498
505
511
518
525
532
539
547
554
561
568
576
583
591
598
606
614
621
629
637
645
653
661
669
677
685
693
702
710
718
727
735
744
752
761
769
778
787
796
804
813
822
831
840
849
858
867
877
886
895
904
914
923
932
942
951
961
970
980
989
999
1008
1018
1028
1037
1047
1057
1067
1076
1086
1096
1106
1115
1125
1135
1145
1155
1165
1175
1184
1194
1204
1214
1224
1234
1244
1254
1263
1273
1283
1293
1303
1313
1322
1332
1342
1352
1361
1371
1381
1390
1400
1410
1419
1429
1438
1448
1457
1467
1476
1485
1495
1504
1513
1522
1531
1540
1549
1558
1567
1576
1585
1594
1602
1611
1620
1628
1637
1645
1653
1661
1670
1678
1686
1694
1701
1709
1717
1725
1732
1740
1747
1754
1762
1769
1776
1783
1789
1796
1803
1809
1816
1822
1829
1835
1841
1847
1853
1858
1864
1870
1875
1880
1886
1891
1896
1900
1905
1910
1914
1919
1923
1927
1931
1935
1939
1943
1946
1950
1953
1956
1959
1962
1965
1968
1970
1973
1975
1977
1979
1981
1983
1985
1986
1988
1989
1990
1991
1992
1993
1993
1994
1994
1994
1994
1994
1994
1994
1993
1993
1992
1991
1990
1989
1988
1986
1985
1983
1981
1979
1977
1975
1973
1970
1968
1965
1962
1959
1956
1953
1950
1946
1943
1939
1935
1931
1927
1923
1919
1914
1910
1905
1900
1896
1891
1886
1880
1875
1870
1864
1858
1853
1847
1841
1835
1829
1822
1816
1809
1803
1796
1789
1783
1776
1769
1762
1754
1747
1740
1732
1725
1717
1709
1701
1694
1686
1678
1670
1661
1653
1645
1637
1628
1620
1611
1602
1594
1585
1576
1567
1558
1549
1540
1531
1522
1513
1504
1495
1485
1476
1467
1457
1448
1438
1429
1419
1410
1400
1390
1381
1371
1361
1352
1342
1332
1322
1313
1303
1293
1283
1273
1263
1254
1244
1234
1224
1214
1204
1194
1184
1175
1165
1155
1145
1135
1125
1115
1106
1096
1086
1076
1067
1057
1047
1037
1028
1018
1008
999
989
980
970
961
951
942
932
923
914
904
895
886
877
867
858
849
840
831
822
813
804
796
787
778
769
761
752
744
735
727
718
710
702
693
685
677
669
661
653
645
637
629
621
614
606
598
591
583
576
568
561
554
547
539
532
525
518
511
505
498
491
484
478
471
465
458
452
445
439
433
427
421
415
409
403
397
391
385
380
374
368
363
358
352
347
342
336
331
326
321
316
311
306
301
297
292
287
283
278
274
269
265
261
256
252
248
244
240
236
232
228
224
220
216
213
209
205
202
198
195
191
188
185
182
178
175
172
169
166
163
160
157
154
151
148
146
143
140
138
135
133
130
128
125
123
120
118
116
114
111
109
107
105
103
101
99
97
95
93
91
89
87
86
84
82
81
79
77
76
74
73
71
70
68
67
65
64
62
61
60
58
57
56
55
54
52
51
50
49
48
47
46
45
44
43
42
41
40
39
38
37
36
36
35
34
33
32
32
31
30
29
29
28
27
27
26
25
25
24
24
23
22
22
21
21
20
20
19
19
18
18
17
17
17
16
16
15
15
15
14
14
13
13
13
12
12
12
11
11
11
10
10
10
10
9
9
9
9
8
8
8
8
7
7
7
7
7
6
6
6
6
6
6
5
5
5
5
5
5
4
4
4
4
4
4
4
4
3
3
3
3
3
3
3
3
3
3
2
2
2
2
2
2
2
2
2
2
2
2
2
2
1
1
1
1
1
1
1
1
1
1
1
1
1
1
1
1
1
1
1
1
1
1
0
0
0
0
0
0
0
0
0
0
0
0
0
0
0
0
0
0
0
0
0
0
0
